[Corrections]
afSymmetry = 0.12089987188851223,-0.5950843993771311,-0.7945173242889673,-0.037569860592024926,-0.8025580334139111,0.5953898794721755,-0.9919534901155583,-0.04213265504041758,-0.11938640134792587
afDiattenuation = 
afBins = 0.3803553067189274,0.8311283130990137,1.0000000000000002,0.7308639331194438,0.0039818900491235395,0.8250273587084604,0.49428562542608545,8.32328765814528e-19,-0.5598586142126691,-0.9481139331500344,0.41792307669389506,0.2547694009537417,-1.347254592601225e-17,-0.3903796144229935,-0.31790582617877294,-0.8551827357096905,-0.5119035408417943,2.628313729922828e-17,0.4973751114104103,0.6647572501063836,0.4858017275420968,0.8590364848460269,0.9999999999999998,0.8285644920236106,0.24000462681244933,-0.18071848289868847,0.003329050467336009,-3.8831900680523886e-16,-0.2570970266400179,-0.7074571206367324,-0.35212544525330713,-0.2172107088493088,4.306173908661354e-17,0.4673926719736384,0.7470488223554307,-0.28866336605058684,-0.13318422654550194,-9.492658934121708e-17,-0.006262160132551667,-0.20851318633455432,0.8903264187395005,0.9669961063834006,0.9999999999999999,0.8840276441015952,0.6312212830236127
nBins = 5

