[Corrections]
afSymmetry = -0.4733164063200531,0.4924995753647166,0.7303531664707452,0.6514966305876455,-0.36232398008099737,0.6665384263425553,0.5928943580784146,0.79130619972539,-0.14936792974044277
afDiattenuation = 
afBins = 0.9056218270241221,0.9743533335755576,0.9617785765268154,0.9983385706812741,0.9999999999999999,0.9981821824966837,0.9960611378747376,0.9515528378047668,0.9724285268135759,0.32956273908382616,0.08584277773814997,-0.2519277962045968,-0.05038777278696627,5.551115123125783e-17,-0.020878208639205642,0.05998341289095094,-0.2722551661115203,0.1974139423119018,-0.26690355453807246,-0.20800624716675134,-0.10730496369483139,-0.027949430112985535,-8.326672684688674e-17,0.05653698745225619,0.06530084068094386,0.14291368510847116,-0.12413901731547786,-0.34928287699598526,-0.09286994277074423,0.2687653468782546,0.053862811919398235,-1.6653345369377348e-16,0.022966146934625953,-0.05596419843535333,0.2559234327984562,-0.19904236291196875,0.936578060010314,0.9953831861096105,0.9435031003751025,0.9883916344557799,0.9999999999999998,0.9990684013800395,0.9965226203786367,0.9588788679531526,0.9799906144449634,-0.028688139443412128,-0.024238121627687625,0.1938223101192957,0.142059052615341,5.551115123125783e-17,-0.03653608434014871,-0.06173066958315564,0.12269683426044553,-0.000730319247697786,0.240521471504935,0.20496525334786841,0.0524133384880732,0.020466943645967794,1.249000902703301e-16,-0.055721509681055936,-0.06877658110994328,-0.17044175958475952,0.12151089665375468,0.11920544666617842,0.042934022877881256,-0.21525400131487482,-0.14332846643776548,1.249000902703301e-16,0.037768105167601734,0.05783301178090369,-0.08017755994335037,0.025419106606185127,0.963296155515124,0.9778271394267831,0.9751505303626054,0.9894635187445727,1.0,0.9977317693603394,0.995954378794118,0.9821003846202186,0.9922645670453744
nBins = 9

